64 64 17 80
44444444444444444444444444444444444444444444444444444444444444444444444444444444
44444444444444444444444444444444444444       44444444444444444444444444444444444
44444444444444444444444444444444444444x       4444444444444444444444444444444444
44444444444444444444444444444444444444444   334444444444444444444444444444444444
444444444444444444444444444444444444444443    4444444444444444444444444444444444
44444444444444444444444444444444444444     4444444444444444444444444444444444444
44444444444444444444444444444444444444   344444444444444444444444444444444444444
444444444444444444444444444444444444443   44444444444444444444444444444444444444
4   p                                   3                                      4
4  0112                            02     33                                   4
4           0112                  3          012   0111111111112  012          4
4                           3 01112                                  012       4
4     02                                   3                     012           4
4        0112            012                3                  3               4
4                 3333                       3   4        012      012         4
4     01112              3                              012              3   444
44444444444444444444444444444444444444444444444444444444444444444444444444444444