64 64 17 80
44444444444444444444444444444444444444444444444444444444444444444444444444444444
4   p                                                                          4
4  0112                            3                                           4
4           0112                  3                                            4
4                           3 0111111112                                       4
4     02                                   3                                   4
4        0112            012                3                                  4
4                 3333                       3   4                             4
4     01112              3                       4                           444
4444444444444444444444444444444444444444444444444444444444444444444444444   4444
                                                                        4  34   
                                                                        43  4   
                                                                        4  34   
                                                                      4443  4444
                                                                      4        4
                                                                      4   33  x4
                                                                      4444444444